1 0.227593 0.624328 0.062437 0.162634
1 0.233132 0.770161 0.059416 0.123656
1 0.318731 0.760081 0.087613 0.240591
1 0.522155 0.872984 0.073515 0.216398
1 0.377140 0.717070 0.069486 0.224462
1 0.312689 0.939516 0.079557 0.120968
1 0.381672 0.914651 0.052367 0.170699
1 0.426989 0.874328 0.044310 0.168011
0 0.092649 0.610215 0.052367 0.086022
0 0.023162 0.577285 0.044310 0.133065
0 0.030715 0.696237 0.059416 0.131720
0 0.034743 0.808468 0.067472 0.119624
0 0.099194 0.689516 0.051360 0.064516
0 0.036757 0.909946 0.069486 0.102151
2 0.201913 0.381048 0.059416 0.157258
2 0.266365 0.382392 0.069486 0.159946
2 0.334340 0.534274 0.058409 0.162634
2 0.275932 0.549731 0.072508 0.172043
0 0.595166 0.567876 0.028197 0.047043
