0 0.232143 0.759048 0.084286 0.165714
0 0.297143 0.809524 0.111429 0.198095
1 0.722143 0.725714 0.261429 0.548571
1 0.366429 0.720000 0.075714 0.247619
1 0.307857 0.637143 0.078571 0.142857
1 0.035714 0.553333 0.068571 0.169524
1 0.102143 0.383810 0.047143 0.139048
1 0.150000 0.388571 0.068571 0.148571
1 0.113571 0.517143 0.050000 0.112381
1 0.164286 0.520952 0.065714 0.120000
1 0.207143 0.380952 0.060000 0.144762
1 0.262857 0.369524 0.051429 0.129524
1 0.217143 0.511429 0.051429 0.112381
1 0.269286 0.492381 0.050000 0.108571
0 0.417857 0.420952 0.024286 0.049524
0 0.440000 0.417143 0.022857 0.045714
