1 0.960156 0.392794 0.079687 0.428237
1 0.867969 0.394259 0.111719 0.386643
1 0.786523 0.379906 0.093359 0.347393
1 0.702734 0.371705 0.096094 0.329818
1 0.951172 0.794376 0.097656 0.373755
1 0.862891 0.751611 0.115625 0.351494
1 0.775391 0.703574 0.082812 0.311658
1 0.695117 0.679262 0.094141 0.286467
1 0.581641 0.354716 0.071094 0.289982
1 0.637109 0.356766 0.059375 0.304628
1 0.630859 0.639719 0.053906 0.263620
1 0.581055 0.618043 0.066797 0.251904
1 0.528320 0.591974 0.049609 0.239602
1 0.484180 0.577329 0.048828 0.220855
1 0.691602 0.903925 0.088672 0.192150
