1 0.415829 0.510888 0.025126 0.067002
1 0.442839 0.507538 0.026382 0.067002
1 0.418342 0.576214 0.025126 0.060302
1 0.446608 0.574539 0.031407 0.067002
1 0.454146 0.880235 0.099246 0.239531
1 0.485553 0.573702 0.021357 0.051926
1 0.599874 0.570352 0.016332 0.041876
1 0.509422 0.571189 0.016332 0.043551
1 0.527638 0.572864 0.017588 0.043551
1 0.545854 0.571189 0.016332 0.043551
1 0.563442 0.569514 0.018844 0.043551
1 0.582286 0.571189 0.018844 0.043551
1 0.598618 0.523451 0.018844 0.051926
1 0.580402 0.523451 0.020101 0.051926
1 0.560930 0.525126 0.018844 0.048576
1 0.543342 0.526801 0.018844 0.048576
1 0.526382 0.526801 0.017588 0.048576
1 0.507538 0.525963 0.017588 0.046901
1 0.490578 0.526801 0.016332 0.045226
1 0.678392 0.905360 0.128141 0.189280
1 0.546482 0.915410 0.128141 0.169179
