0 0.078333 0.130952 0.150000 0.238095
0 0.186667 0.151786 0.180000 0.279762
0 0.185000 0.452381 0.203333 0.380952
0 0.386667 0.449405 0.200000 0.398810
0 0.586667 0.452381 0.193333 0.416667
0 0.845000 0.419643 0.203333 0.422619
0 0.390000 0.151786 0.193333 0.291667
0 0.578333 0.151786 0.196667 0.291667
0 0.773333 0.151786 0.193333 0.291667
0 0.053333 0.785714 0.100000 0.428571
0 0.188333 0.806548 0.203333 0.386905
0 0.383333 0.809524 0.206667 0.380952
0 0.581667 0.812500 0.196667 0.375000
0 0.853333 0.803571 0.206667 0.392857
