0 0.198182 0.538251 0.076364 0.169399
0 0.267273 0.538251 0.069091 0.158470
0 0.334545 0.538251 0.065455 0.136612
0 0.398182 0.532787 0.061818 0.136612
0 0.460000 0.532787 0.061818 0.136612
0 0.510909 0.521858 0.061818 0.136612
0 0.570909 0.519126 0.065455 0.120219
0 0.570909 0.614754 0.058182 0.114754
0 0.567273 0.685792 0.058182 0.103825
0 0.563636 0.759563 0.058182 0.098361
0 0.512727 0.622951 0.058182 0.120219
0 0.510909 0.702186 0.054545 0.114754
0 0.510909 0.775956 0.054545 0.098361
0 0.201818 0.653005 0.076364 0.136612
0 0.201818 0.754098 0.083636 0.131148
0 0.207273 0.844262 0.080000 0.114754
0 0.270909 0.642077 0.069091 0.125683
0 0.274545 0.726776 0.069091 0.120219
0 0.276364 0.819672 0.065455 0.109290
0 0.334545 0.628415 0.065455 0.120219
0 0.336364 0.726776 0.061818 0.131148
0 0.341818 0.814208 0.065455 0.109290
0 0.398182 0.622951 0.061818 0.120219
0 0.401818 0.721311 0.061818 0.131148
0 0.400000 0.803279 0.065455 0.120219
0 0.458182 0.622951 0.050909 0.098361
0 0.460000 0.699454 0.047273 0.098361
0 0.456364 0.786885 0.047273 0.109290
0 0.472727 0.396175 0.043636 0.081967
0 0.400000 0.390710 0.036364 0.081967
