0 0.695833 0.440625 0.283333 0.506250
0 0.753333 0.831875 0.328333 0.336250
0 0.887917 0.440000 0.222500 0.390000
0 0.536250 0.496875 0.162500 0.341250
0 0.545833 0.822500 0.163333 0.332500
0 0.460417 0.556250 0.109167 0.245000
0 0.468333 0.800625 0.113333 0.253750
0 0.140833 0.916875 0.125000 0.166250
0 0.152083 0.760000 0.119167 0.167500
0 0.173750 0.601250 0.120833 0.170000
0 0.264167 0.879375 0.098333 0.158750
0 0.266250 0.732500 0.090833 0.142500
0 0.276250 0.597500 0.090833 0.150000
0 0.399583 0.573125 0.102500 0.193750
0 0.396667 0.760625 0.093333 0.181250
0 0.400000 0.923125 0.091667 0.153750
