0 0.285953 0.348214 0.070234 0.148810
0 0.222408 0.485119 0.070234 0.160714
0 0.219064 0.589286 0.076923 0.130952
0 0.287625 0.467262 0.080268 0.125000
0 0.290970 0.598214 0.066890 0.136905
0 0.515050 0.217262 0.066890 0.136905
0 0.516722 0.351190 0.070234 0.130952
0 0.513378 0.470238 0.063545 0.119048
0 0.513378 0.580357 0.070234 0.125000
0 0.476589 0.741071 0.090301 0.196429
0 0.389632 0.919643 0.137124 0.160714
0 0.588629 0.839286 0.066890 0.166667
0 0.648829 0.818452 0.066890 0.184524
0 0.518395 0.830357 0.073579 0.160714
0 0.576923 0.336310 0.070234 0.160714
0 0.580268 0.476190 0.076923 0.119048
0 0.580268 0.589286 0.063545 0.119048
0 0.648829 0.354167 0.066890 0.125000
0 0.643813 0.482143 0.070234 0.119048
0 0.642140 0.595238 0.066890 0.119048
0 0.712375 0.345238 0.066890 0.154762
0 0.710702 0.473214 0.070234 0.125000
0 0.789298 0.476190 0.093645 0.178571
0 0.872910 0.473214 0.086957 0.172619
0 0.954849 0.479167 0.090301 0.172619
0 0.785953 0.622024 0.080268 0.136905
0 0.953177 0.625000 0.093645 0.154762
0 0.953177 0.764881 0.093645 0.160714
0 0.849498 0.791667 0.086957 0.142857
0 0.782609 0.761905 0.080268 0.142857
0 0.784281 0.619048 0.103679 0.166667
0 0.780936 0.886905 0.070234 0.130952
0 0.730769 0.812500 0.050167 0.148810
