0 0.070909 0.120219 0.127273 0.207650
0 0.054545 0.281421 0.101818 0.191257
0 0.047273 0.456284 0.087273 0.191257
0 0.056364 0.639344 0.105455 0.185792
0 0.216364 0.215847 0.149091 0.256831
0 0.190909 0.423497 0.149091 0.245902
0 0.174545 0.650273 0.160000 0.251366
0 0.307273 0.185792 0.083636 0.163934
0 0.287273 0.327869 0.080000 0.153005
0 0.280000 0.469945 0.094545 0.185792
0 0.272727 0.655738 0.094545 0.174863
0 0.421818 0.229508 0.080000 0.153005
0 0.507273 0.215847 0.090909 0.158470
0 0.505455 0.355191 0.116364 0.174863
0 0.421818 0.360656 0.094545 0.163934
0 0.416364 0.510929 0.090909 0.158470
0 0.410909 0.650273 0.101818 0.163934
0 0.507273 0.505464 0.105455 0.158470
0 0.510909 0.650273 0.098182 0.185792
0 0.623636 0.221311 0.098182 0.169399
0 0.730909 0.177596 0.116364 0.169399
0 0.832727 0.183060 0.116364 0.191257
0 0.843636 0.346995 0.123636 0.158470
0 0.849091 0.502732 0.141818 0.218579
0 0.869091 0.672131 0.130909 0.174863
0 0.667273 0.521858 0.250909 0.409836
