0 0.221818 0.385246 0.225455 0.377049
0 0.216364 0.740437 0.236364 0.398907
0 0.372727 0.426230 0.163636 0.349727
0 0.385455 0.754098 0.196364 0.349727
0 0.081818 0.464481 0.156364 0.349727
0 0.078182 0.803279 0.149091 0.338798
0 0.507273 0.469945 0.141818 0.306011
0 0.520000 0.740437 0.130909 0.278689
0 0.660000 0.510929 0.112727 0.256831
0 0.600000 0.748634 0.101818 0.262295
0 0.676364 0.740437 0.109091 0.245902
0 0.856364 0.571038 0.083636 0.169399
0 0.872727 0.718579 0.094545 0.169399
0 0.880000 0.849727 0.116364 0.169399
