0 0.904088 0.264151 0.141509 0.314465
0 0.878931 0.512579 0.128931 0.295597
0 0.861635 0.726415 0.132075 0.270440
0 0.842767 0.911950 0.125786 0.176101
0 0.735849 0.270440 0.157233 0.377358
0 0.654088 0.682390 0.163522 0.408805
0 0.495283 0.339623 0.160377 0.415094
0 0.575472 0.248428 0.119497 0.308176
0 0.500000 0.666667 0.163522 0.339623
0 0.344340 0.672956 0.154088 0.339623
0 0.328616 0.342767 0.172956 0.408805
0 0.161950 0.323899 0.179245 0.421384
0 0.180818 0.676101 0.172956 0.333333
0 0.048742 0.320755 0.091195 0.415094
0 0.059748 0.669811 0.113208 0.308176
0 0.070755 0.899371 0.135220 0.201258
0 0.201258 0.908805 0.163522 0.182390
0 0.353774 0.896226 0.154088 0.207547
0 0.492138 0.896226 0.160377 0.207547
0 0.643082 0.915094 0.160377 0.169811
