0 0.094375 0.212008 0.143750 0.213884
0 0.224375 0.228893 0.118750 0.228893
0 0.340625 0.224203 0.123750 0.178236
0 0.441250 0.237336 0.100000 0.178236
0 0.528125 0.230769 0.088750 0.165103
0 0.606250 0.221388 0.085000 0.138837
0 0.672500 0.233583 0.080000 0.133208
0 0.738750 0.235460 0.072500 0.129456
0 0.785625 0.240150 0.073750 0.135084
0 0.835000 0.240150 0.080000 0.120075
0 0.104375 0.406191 0.168750 0.242026
0 0.257500 0.401501 0.155000 0.243902
0 0.381250 0.381801 0.127500 0.238274
0 0.499375 0.348968 0.116250 0.198874
0 0.605000 0.363039 0.105000 0.193246
0 0.686250 0.364916 0.095000 0.189493
0 0.763750 0.361163 0.082500 0.163227
0 0.828125 0.348030 0.078750 0.174484
0 0.921250 0.339587 0.075000 0.142589
0 0.106250 0.611632 0.210000 0.393996
0 0.308125 0.561914 0.181250 0.358349
0 0.475000 0.543152 0.170000 0.320826
0 0.610625 0.513133 0.143750 0.279550
0 0.725625 0.507505 0.118750 0.245779
0 0.817500 0.499062 0.107500 0.232645
0 0.911875 0.502814 0.108750 0.236398
0 0.959375 0.473734 0.081250 0.215760
0 0.120625 0.885553 0.198750 0.228893
0 0.308125 0.848968 0.181250 0.257036
0 0.471250 0.790807 0.162500 0.272045
0 0.477500 0.800188 0.162500 0.264540
0 0.605000 0.757974 0.135000 0.240150
0 0.706250 0.715760 0.115000 0.219512
0 0.798750 0.687617 0.092500 0.189493
0 0.889375 0.676360 0.098750 0.185741
0 0.950625 0.653846 0.083750 0.151970
0 0.591250 0.925891 0.117500 0.148218
0 0.687500 0.888368 0.100000 0.170732
0 0.776250 0.851782 0.115000 0.157598
0 0.857500 0.827392 0.102500 0.183865
0 0.926250 0.792683 0.077500 0.155722
0 0.909375 0.916510 0.071250 0.103189
