0 0.054500 0.262369 0.095000 0.155922
0 0.154500 0.326837 0.097000 0.122939
0 0.222500 0.335832 0.091000 0.125937
0 0.304500 0.419790 0.065000 0.092954
0 0.142000 0.428036 0.094000 0.157421
0 0.135500 0.553223 0.087000 0.143928
0 0.132000 0.679910 0.090000 0.148426
0 0.142000 0.810345 0.080000 0.139430
0 0.055000 0.413793 0.100000 0.131934
0 0.055000 0.536732 0.100000 0.152924
0 0.053000 0.670165 0.100000 0.155922
0 0.053000 0.823838 0.104000 0.148426
0 0.521000 0.314843 0.102000 0.158921
0 0.485000 0.431784 0.100000 0.161919
0 0.446000 0.535982 0.102000 0.163418
0 0.411500 0.664168 0.095000 0.173913
0 0.368500 0.787856 0.103000 0.196402
0 0.304500 0.414543 0.065000 0.100450
0 0.300500 0.514243 0.077000 0.107946
0 0.299500 0.598201 0.085000 0.104948
0 0.301500 0.694903 0.079000 0.109445
0 0.546000 0.596702 0.062000 0.101949
0 0.547500 0.689655 0.069000 0.098951
0 0.544500 0.793853 0.081000 0.124438
0 0.604500 0.597451 0.065000 0.109445
0 0.602500 0.694903 0.071000 0.103448
0 0.597000 0.787856 0.076000 0.100450
0 0.725000 0.595202 0.064000 0.110945
0 0.730500 0.696402 0.063000 0.097451
0 0.735500 0.785607 0.051000 0.104948
0 0.833500 0.516492 0.061000 0.118441
0 0.839500 0.607196 0.069000 0.107946
0 0.842500 0.781109 0.083000 0.128936
0 0.907500 0.685157 0.073000 0.113943
0 0.913500 0.779610 0.075000 0.107946
0 0.953000 0.448276 0.068000 0.104948
0 0.956000 0.526987 0.074000 0.100450
0 0.962000 0.607946 0.074000 0.091454
0 0.972000 0.695652 0.056000 0.089955
0 0.969500 0.782609 0.061000 0.107946
