1 0.058438 0.303343 0.051875 0.154376
1 0.103750 0.310718 0.042500 0.149459
1 0.150312 0.303835 0.054375 0.163225
1 0.019062 0.446903 0.036875 0.156342
1 0.058438 0.453294 0.049375 0.145526
1 0.104688 0.461160 0.046875 0.147493
1 0.152188 0.461160 0.050625 0.149459
2 0.020625 0.306785 0.033750 0.127827
2 0.550625 0.270403 0.061250 0.200590
2 0.626875 0.279253 0.047500 0.190757
2 0.547813 0.470501 0.055625 0.189774
2 0.592187 0.470993 0.033125 0.178958
2 0.629375 0.469518 0.041250 0.181908
1 0.689063 0.460669 0.034375 0.166175
1 0.687500 0.284169 0.033750 0.184857
1 0.751250 0.453294 0.045000 0.135693
1 0.838437 0.242871 0.074375 0.237955
1 0.841562 0.474435 0.074375 0.217306
1 0.914375 0.468043 0.075000 0.239921
1 0.975313 0.477876 0.049375 0.235988
1 0.917188 0.232547 0.078125 0.242871
1 0.974063 0.228614 0.051875 0.264503
1 0.436875 0.795477 0.273750 0.218289
