1 0.162500 0.293519 0.041667 0.124074
2 0.207639 0.303704 0.051389 0.137037
1 0.259028 0.303704 0.051389 0.129630
1 0.311111 0.301852 0.050000 0.125926
1 0.360417 0.300926 0.045833 0.120370
1 0.413194 0.307407 0.051389 0.133333
2 0.168056 0.407407 0.038889 0.103704
1 0.212500 0.428704 0.047222 0.112963
1 0.264583 0.432407 0.056944 0.127778
1 0.314583 0.423148 0.045833 0.112963
2 0.367361 0.423148 0.048611 0.131481
2 0.413889 0.429630 0.044444 0.111111
2 0.534028 0.291667 0.031944 0.090741
2 0.455556 0.383333 0.033333 0.092593
2 0.531250 0.375000 0.031944 0.075926
1 0.501389 0.291667 0.030556 0.090741
1 0.836111 0.456481 0.166667 0.383333
2 0.607639 0.360185 0.084722 0.209259
1 0.559722 0.574074 0.083333 0.222222
