3 0.075000 0.556548 0.130000 0.755952
3 0.190000 0.556548 0.120000 0.732143
3 0.300000 0.595238 0.113333 0.654762
3 0.398333 0.604167 0.096667 0.625000
3 0.488333 0.604167 0.076667 0.613095
2 0.581667 0.764881 0.050000 0.172619
2 0.586667 0.592262 0.053333 0.172619
2 0.588333 0.419643 0.056667 0.172619
1 0.928333 0.508929 0.043333 0.148810
1 0.931667 0.645833 0.043333 0.125000
1 0.935000 0.776786 0.050000 0.136905
1 0.888333 0.517857 0.043333 0.130952
1 0.890000 0.651786 0.040000 0.125000
2 0.661667 0.770833 0.036667 0.172619
2 0.625000 0.770833 0.036667 0.172619
2 0.698333 0.770833 0.036667 0.148810
2 0.733333 0.773810 0.033333 0.142857
2 0.765000 0.773810 0.030000 0.130952
2 0.665000 0.613095 0.036667 0.142857
2 0.703333 0.622024 0.033333 0.148810
2 0.733333 0.627976 0.026667 0.148810
2 0.765000 0.630952 0.030000 0.142857
2 0.820000 0.776786 0.033333 0.125000
