2 0.413362 0.193985 0.073276 0.381955
1 0.471552 0.193985 0.062069 0.333835
1 0.544397 0.195489 0.078448 0.312782
1 0.608190 0.207519 0.062931 0.294737
1 0.413793 0.550376 0.068966 0.327820
1 0.475000 0.521053 0.056897 0.302256
1 0.546552 0.493985 0.079310 0.278195
1 0.613362 0.487218 0.052586 0.255639
1 0.415086 0.858647 0.068103 0.273684
1 0.477155 0.818797 0.056034 0.284211
1 0.544828 0.786466 0.077586 0.294737
1 0.611207 0.748120 0.051724 0.260150
1 0.689224 0.448872 0.047414 0.218045
1 0.689224 0.673684 0.042241 0.219549
1 0.651724 0.700752 0.031034 0.234586
1 0.682759 0.215038 0.051724 0.243609
