1 0.224444 0.237778 0.093333 0.182222
1 0.313333 0.248889 0.084444 0.177778
1 0.400000 0.246667 0.080000 0.173333
1 0.493333 0.248889 0.080000 0.177778
1 0.577778 0.244444 0.071111 0.177778
1 0.655556 0.244444 0.075556 0.177778
1 0.737778 0.246667 0.071111 0.164444
1 0.820000 0.246667 0.084444 0.173333
1 0.228889 0.413333 0.093333 0.160000
1 0.317778 0.411111 0.084444 0.155556
1 0.404444 0.411111 0.080000 0.146667
1 0.488889 0.411111 0.071111 0.146667
1 0.568889 0.411111 0.071111 0.155556
1 0.651111 0.408889 0.084444 0.151111
1 0.728889 0.411111 0.071111 0.146667
1 0.804444 0.404444 0.071111 0.133333
1 0.242222 0.580000 0.102222 0.164444
1 0.384444 0.575556 0.093333 0.173333
1 0.484444 0.560000 0.071111 0.142222
1 0.566667 0.560000 0.075556 0.142222
1 0.644444 0.560000 0.080000 0.142222
1 0.722222 0.560000 0.066667 0.142222
1 0.828889 0.562222 0.066667 0.182222
1 0.242222 0.728889 0.093333 0.151111
1 0.388889 0.735556 0.093333 0.137778
1 0.488889 0.700000 0.071111 0.128889
1 0.564444 0.697778 0.080000 0.142222
1 0.642222 0.697778 0.075556 0.133333
1 0.722222 0.702222 0.075556 0.133333
