1 0.936198 0.740336 0.107813 0.332773
1 0.790365 0.689076 0.085938 0.263866
1 0.115885 0.560504 0.031771 0.084034
1 0.113542 0.635294 0.030208 0.078992
1 0.114583 0.726891 0.027083 0.089076
1 0.145573 0.558824 0.029687 0.085714
1 0.149479 0.639916 0.029167 0.069748
1 0.086719 0.723529 0.024479 0.085714
1 0.150781 0.716807 0.026562 0.080672
1 0.092708 0.557983 0.021875 0.085714
1 0.091146 0.635714 0.019792 0.064706
1 0.320573 0.551681 0.022396 0.078151
3 0.363021 0.658824 0.046875 0.272269
3 0.412240 0.656723 0.048438 0.268067
1 0.719792 0.645798 0.061458 0.190756
1 0.656771 0.649580 0.064583 0.215126
1 0.576302 0.825630 0.059896 0.214286
1 0.699740 0.891176 0.078646 0.217647
1 0.509115 0.931513 0.056771 0.136975
