1 0.257917 0.611111 0.117500 0.256296
1 0.310417 0.829630 0.120833 0.269630
1 0.320417 0.628889 0.062500 0.217778
1 0.249583 0.851111 0.072500 0.220741
1 0.415000 0.823704 0.083333 0.260741
1 0.407917 0.565926 0.072500 0.254815
1 0.504167 0.525185 0.083333 0.271111
1 0.515833 0.800741 0.093333 0.291852
1 0.581250 0.515556 0.069167 0.284444
1 0.604167 0.800741 0.068333 0.291852
1 0.637500 0.460000 0.078333 0.345185
1 0.660417 0.802963 0.082500 0.343704
1 0.702500 0.375556 0.110000 0.416296
1 0.738750 0.791111 0.120833 0.417778
1 0.820000 0.291852 0.206667 0.527407
1 0.879167 0.754815 0.216667 0.490370
2 0.015417 0.685185 0.029167 0.188148
2 0.062500 0.681481 0.050000 0.189630
2 0.059583 0.874815 0.050833 0.194074
2 0.192500 0.845926 0.048333 0.174815
2 0.190417 0.668148 0.045833 0.174815
2 0.013333 0.884444 0.025000 0.198519
