1 0.753125 0.762500 0.143750 0.366667
1 0.853125 0.178333 0.151250 0.348333
1 0.747812 0.160417 0.104375 0.319167
1 0.669063 0.166667 0.095625 0.308333
1 0.659062 0.696250 0.114375 0.320833
1 0.545625 0.165000 0.075000 0.241667
1 0.607812 0.170000 0.076875 0.255000
1 0.842812 0.474583 0.160625 0.295833
1 0.724063 0.445417 0.100625 0.265833
1 0.226562 0.183333 0.066875 0.170000
1 0.229687 0.328750 0.078125 0.134167
1 0.243438 0.458333 0.065625 0.128333
1 0.285313 0.180833 0.064375 0.163333
1 0.295000 0.323333 0.062500 0.131667
1 0.373437 0.192500 0.056875 0.156667
