1 0.227051 0.241699 0.098633 0.194336
1 0.314941 0.249512 0.088867 0.188477
1 0.396973 0.250000 0.083008 0.185547
1 0.486328 0.250488 0.101562 0.174805
1 0.576660 0.241699 0.079102 0.190430
1 0.660156 0.243652 0.078125 0.180664
1 0.739746 0.254883 0.079102 0.187500
1 0.819336 0.251465 0.082031 0.174805
1 0.231445 0.407715 0.105469 0.170898
1 0.316406 0.413574 0.101562 0.168945
1 0.404297 0.414062 0.087891 0.167969
1 0.485352 0.412598 0.089844 0.165039
1 0.570801 0.413086 0.081055 0.179688
1 0.645996 0.415039 0.083008 0.169922
1 0.728516 0.411133 0.074219 0.150391
1 0.807617 0.404785 0.068359 0.131836
1 0.236328 0.578613 0.103516 0.155273
1 0.315918 0.563965 0.075195 0.149414
1 0.379395 0.568848 0.110352 0.200195
1 0.483887 0.564453 0.084961 0.158203
1 0.569824 0.562988 0.079102 0.159180
1 0.645996 0.557129 0.086914 0.143555
1 0.725098 0.555664 0.077148 0.146484
1 0.825684 0.561523 0.077148 0.185547
1 0.219238 0.899902 0.092773 0.200195
1 0.300781 0.879395 0.109375 0.208008
1 0.389160 0.875488 0.092773 0.202148
1 0.239746 0.723145 0.104492 0.145508
1 0.314453 0.710449 0.066406 0.131836
1 0.386230 0.730469 0.092773 0.142578
1 0.481934 0.707520 0.092773 0.143555
1 0.565430 0.706543 0.078125 0.147461
1 0.647461 0.708008 0.074219 0.146484
1 0.719727 0.701172 0.078125 0.140625
1 0.812988 0.726074 0.073242 0.165039
