1 0.442105 0.286855 0.066667 0.192875
1 0.437281 0.453317 0.065789 0.171990
1 0.437281 0.617322 0.072807 0.180590
1 0.303070 0.612408 0.050000 0.148649
1 0.348684 0.323096 0.055263 0.171990
1 0.302632 0.470516 0.049123 0.125307
1 0.386404 0.307125 0.058772 0.181818
1 0.388158 0.447789 0.046491 0.128993
1 0.300000 0.323710 0.057895 0.153563
1 0.262281 0.338452 0.049123 0.153563
1 0.261842 0.621007 0.042982 0.138821
1 0.172807 0.363022 0.043860 0.133907
1 0.966228 0.542383 0.067544 0.278870
1 0.565789 0.345823 0.043860 0.136364
