1 0.543438 0.170000 0.080625 0.240000
1 0.602187 0.170833 0.078125 0.256667
1 0.667188 0.168750 0.084375 0.282500
1 0.748437 0.156667 0.110625 0.305000
1 0.852500 0.173333 0.152500 0.345000
1 0.816562 0.470000 0.115625 0.263333
1 0.726875 0.440833 0.102500 0.263333
1 0.650625 0.425417 0.085000 0.230833
1 0.755938 0.768750 0.141875 0.355833
1 0.657813 0.703750 0.116875 0.312500
1 0.227500 0.181250 0.061250 0.160833
1 0.287500 0.180000 0.060000 0.151667
1 0.372812 0.191667 0.054375 0.153333
1 0.332188 0.190417 0.034375 0.142500
1 0.234063 0.327917 0.061875 0.135833
1 0.295000 0.320417 0.057500 0.125833
1 0.371875 0.322083 0.050000 0.110833
1 0.245000 0.459167 0.061250 0.121667
1 0.470000 0.784583 0.070000 0.177500
1 0.549375 0.845417 0.083750 0.265833
1 0.574375 0.600417 0.063750 0.197500
1 0.178437 0.185417 0.039375 0.132500
