1 0.417500 0.659670 0.259000 0.680660
1 0.663000 0.664918 0.254000 0.670165
1 0.881000 0.637931 0.232000 0.676162
1 0.246500 0.207646 0.043000 0.085457
1 0.189000 0.205397 0.038000 0.077961
1 0.159000 0.205397 0.038000 0.083958
1 0.132000 0.209145 0.040000 0.082459
1 0.099000 0.207646 0.042000 0.082459
1 0.073500 0.210645 0.041000 0.073463
1 0.045500 0.208396 0.041000 0.086957
2 0.283000 0.076462 0.032000 0.080960
2 0.314000 0.079460 0.034000 0.086957
2 0.298000 0.155922 0.024000 0.065967
2 0.309500 0.226387 0.027000 0.065967
2 0.323000 0.154423 0.026000 0.059970
2 0.344000 0.074963 0.034000 0.074963
2 0.372000 0.079460 0.030000 0.080960
2 0.396500 0.074213 0.027000 0.076462
2 0.422000 0.071964 0.028000 0.080960
2 0.448000 0.073463 0.026000 0.077961
2 0.471500 0.074213 0.031000 0.079460
2 0.497500 0.072714 0.025000 0.073463
2 0.525500 0.065967 0.033000 0.068966
2 0.353000 0.153673 0.034000 0.073463
2 0.335500 0.226387 0.025000 0.059970
2 0.362500 0.222639 0.031000 0.064468
2 0.382500 0.153673 0.027000 0.067466
2 0.406500 0.146927 0.025000 0.068966
2 0.430500 0.146927 0.023000 0.062969
