1 0.241250 0.230000 0.120000 0.207500
1 0.365000 0.228125 0.110000 0.206250
1 0.478750 0.228125 0.110000 0.203750
1 0.606875 0.230000 0.103750 0.172500
1 0.148125 0.460625 0.146250 0.288750
1 0.290000 0.460000 0.135000 0.275000
1 0.422500 0.456875 0.125000 0.258750
1 0.566250 0.460625 0.147500 0.293750
1 0.703125 0.460000 0.123750 0.297500
1 0.830000 0.461250 0.127500 0.287500
1 0.155625 0.733125 0.138750 0.251250
1 0.281250 0.723750 0.105000 0.245000
1 0.408750 0.730625 0.145000 0.286250
1 0.558750 0.743750 0.147500 0.260000
1 0.695000 0.740000 0.125000 0.265000
1 0.824375 0.733125 0.123750 0.261250
