0 0.038182 0.683060 0.069091 0.273224
0 0.132727 0.699454 0.170909 0.295082
0 0.292727 0.685792 0.149091 0.289617
0 0.438182 0.691257 0.141818 0.289617
0 0.581818 0.653005 0.145455 0.289617
0 0.734545 0.688525 0.152727 0.306011
0 0.854545 0.647541 0.152727 0.278689
0 0.961818 0.658470 0.076364 0.256831
0 0.043636 0.912568 0.080000 0.174863
0 0.143636 0.907104 0.156364 0.185792
0 0.289091 0.901639 0.141818 0.196721
0 0.429091 0.896175 0.145455 0.207650
0 0.572727 0.898907 0.149091 0.202186
0 0.716364 0.898907 0.152727 0.202186
0 0.856364 0.893443 0.149091 0.213115
