2 0.179167 0.651852 0.120000 0.287407
2 0.341667 0.805185 0.135000 0.389630
2 0.383333 0.561481 0.071667 0.237037
2 0.443750 0.748148 0.084167 0.391111
2 0.513333 0.803704 0.103333 0.389630
2 0.787083 0.813333 0.099167 0.373333
2 0.587917 0.856296 0.125833 0.287407
2 0.686250 0.819259 0.110833 0.361481
2 0.612083 0.445926 0.115833 0.400000
2 0.840833 0.629630 0.090000 0.278519
2 0.857083 0.361481 0.102500 0.317037
2 0.939167 0.335556 0.075000 0.315556
2 0.918750 0.618519 0.070833 0.250370
2 0.346667 0.217037 0.055000 0.173333
2 0.355833 0.377037 0.051667 0.146667
2 0.793750 0.334074 0.074167 0.285926
