2 0.058182 0.267760 0.109091 0.382514
2 0.154545 0.270492 0.076364 0.377049
2 0.260000 0.226776 0.134545 0.431694
2 0.405455 0.237705 0.141818 0.409836
2 0.514545 0.303279 0.105455 0.344262
2 0.618182 0.327869 0.094545 0.316940
2 0.725455 0.314208 0.112727 0.333333
2 0.814545 0.333333 0.058182 0.316940
2 0.252727 0.644809 0.141818 0.404372
2 0.400000 0.642077 0.138182 0.398907
2 0.540000 0.647541 0.098182 0.333333
2 0.727273 0.639344 0.109091 0.316940
2 0.818182 0.647541 0.065455 0.300546
2 0.058182 0.642077 0.109091 0.366120
