2 0.088542 0.360058 0.083333 0.113703
2 0.169271 0.362974 0.088542 0.119534
2 0.328125 0.357143 0.114583 0.137026
2 0.434896 0.348397 0.109375 0.142857
2 0.632812 0.341108 0.151042 0.163265
2 0.833333 0.326531 0.208333 0.180758
2 0.078125 0.481050 0.093750 0.139942
2 0.171875 0.485423 0.083333 0.137026
2 0.255208 0.494169 0.093750 0.142857
2 0.351562 0.498542 0.098958 0.151603
2 0.440104 0.505831 0.088542 0.166181
2 0.562500 0.511662 0.166667 0.189504
2 0.671875 0.502915 0.104167 0.154519
2 0.825521 0.498542 0.151042 0.174927
