2 0.186047 0.706977 0.083721 0.186047
2 0.272093 0.718605 0.088372 0.181395
2 0.367442 0.723256 0.102326 0.200000
2 0.469767 0.730233 0.102326 0.204651
2 0.576744 0.746512 0.102326 0.200000
2 0.665116 0.755814 0.074419 0.200000
2 0.765116 0.795349 0.134884 0.232558
2 0.188372 0.527907 0.088372 0.181395
2 0.286047 0.537209 0.097674 0.181395
2 0.376744 0.546512 0.074419 0.162791
2 0.467442 0.537209 0.097674 0.190698
2 0.569767 0.541860 0.106977 0.209302
2 0.741860 0.553488 0.144186 0.251163
2 0.232558 0.372093 0.074419 0.158140
2 0.311628 0.369767 0.074419 0.162791
2 0.390698 0.376744 0.083721 0.176744
2 0.479070 0.367442 0.083721 0.158140
2 0.579070 0.358140 0.088372 0.167442
2 0.674419 0.355814 0.093023 0.172093
2 0.783721 0.348837 0.106977 0.186047
