2 0.185567 0.366795 0.164948 0.239382
2 0.340206 0.364865 0.144330 0.227799
2 0.492268 0.361004 0.149485 0.235521
2 0.646907 0.355212 0.149485 0.231660
2 0.801546 0.353282 0.149485 0.235521
2 0.940722 0.345560 0.118557 0.235521
2 0.072165 0.565637 0.134021 0.227799
2 0.216495 0.584942 0.154639 0.196911
2 0.365979 0.579151 0.144330 0.185328
2 0.512887 0.579151 0.139175 0.193050
2 0.654639 0.567568 0.134021 0.185328
2 0.798969 0.565637 0.144330 0.189189
2 0.938144 0.557915 0.123711 0.189189
2 0.087629 0.779923 0.164948 0.193050
2 0.239691 0.772201 0.149485 0.169884
2 0.381443 0.762548 0.134021 0.181467
2 0.518041 0.756757 0.139175 0.177606
2 0.654639 0.749035 0.134021 0.185328
2 0.791237 0.745174 0.139175 0.177606
2 0.930412 0.741313 0.139175 0.169884
