2 0.285714 0.706186 0.092664 0.226804
2 0.291506 0.461340 0.096525 0.273196
2 0.339768 0.239691 0.077220 0.180412
2 0.393822 0.461340 0.100386 0.262887
2 0.376448 0.713918 0.073359 0.242268
2 0.467181 0.726804 0.108108 0.278351
2 0.596525 0.737113 0.111969 0.268041
2 0.691120 0.701031 0.084942 0.268041
2 0.494208 0.461340 0.084942 0.262887
2 0.600386 0.471649 0.119691 0.293814
2 0.422780 0.239691 0.073359 0.180412
1 0.092664 0.744845 0.123552 0.314433
1 0.069498 0.451031 0.069498 0.293814
1 0.183398 0.451031 0.104247 0.283505
1 0.196911 0.711340 0.084942 0.247423
1 0.088803 0.219072 0.084942 0.180412
1 0.204633 0.231959 0.069498 0.175258
1 0.272201 0.234536 0.057915 0.180412
3 0.787645 0.520619 0.100386 0.463918
3 0.905405 0.533505 0.088803 0.489691
