2 0.051325 0.769461 0.096026 0.329341
2 0.147351 0.787425 0.096026 0.329341
2 0.246689 0.790419 0.096026 0.335329
2 0.346026 0.793413 0.096026 0.341317
2 0.051325 0.446108 0.096026 0.305389
2 0.048013 0.149701 0.089404 0.287425
2 0.139073 0.152695 0.099338 0.293413
2 0.147351 0.461078 0.096026 0.323353
2 0.245033 0.458084 0.099338 0.329341
2 0.243377 0.149701 0.102649 0.287425
2 0.337748 0.143713 0.092715 0.275449
2 0.346026 0.458084 0.096026 0.329341
2 0.438742 0.140719 0.096026 0.269461
2 0.645695 0.793413 0.139073 0.413174
2 0.745033 0.140719 0.099338 0.269461
2 0.852649 0.140719 0.109272 0.269461
2 0.953642 0.146707 0.092715 0.281437
2 0.745033 0.443114 0.099338 0.335329
2 0.852649 0.449102 0.102649 0.335329
2 0.953642 0.458084 0.092715 0.341317
2 0.750000 0.787425 0.096026 0.341317
2 0.849338 0.793413 0.102649 0.341317
2 0.951987 0.796407 0.096026 0.335329
