2 0.361314 0.309783 0.160584 0.456522
2 0.397810 0.676630 0.131387 0.288043
2 0.503650 0.277174 0.131387 0.456522
2 0.622263 0.269022 0.098540 0.375000
2 0.735401 0.255435 0.105839 0.358696
2 0.854015 0.239130 0.116788 0.369565
2 0.512774 0.641304 0.105839 0.260870
2 0.613139 0.614130 0.087591 0.250000
2 0.711679 0.584239 0.094891 0.244565
2 0.801095 0.567935 0.069343 0.255435
2 0.425182 0.899457 0.113139 0.168478
2 0.520073 0.869565 0.091241 0.195652
2 0.611314 0.836957 0.083942 0.195652
2 0.697080 0.812500 0.080292 0.190217
2 0.775547 0.788043 0.069343 0.184783
2 0.321168 0.782609 0.109489 0.271739
