0 0.263750 0.279167 0.110000 0.198333
0 0.351875 0.265000 0.108750 0.186667
0 0.450000 0.292500 0.130000 0.225000
0 0.585625 0.282500 0.141250 0.225000
0 0.053125 0.456667 0.103750 0.196667
0 0.156875 0.460833 0.113750 0.198333
0 0.241250 0.481667 0.105000 0.203333
0 0.343125 0.493333 0.136250 0.233333
0 0.478125 0.517500 0.148750 0.248333
0 0.618750 0.530833 0.170000 0.291667
0 0.805625 0.538333 0.201250 0.320000
0 0.067500 0.604167 0.117500 0.175000
0 0.166875 0.633333 0.106250 0.190000
0 0.256875 0.669167 0.116250 0.188333
0 0.358750 0.699167 0.132500 0.191667
0 0.483750 0.729167 0.142500 0.215000
0 0.618750 0.778333 0.157500 0.226667
0 0.801250 0.812500 0.197500 0.255000
0 0.171250 0.792500 0.115000 0.181667
0 0.264375 0.830000 0.113750 0.170000
0 0.366250 0.874167 0.120000 0.195000
0 0.488750 0.904167 0.135000 0.191667
0 0.171250 0.927500 0.107500 0.145000
0 0.092500 0.895833 0.077500 0.141667
