0 0.216912 0.432432 0.073529 0.118919
0 0.218750 0.545946 0.084559 0.118919
0 0.224265 0.635135 0.073529 0.113514
0 0.229779 0.737838 0.084559 0.124324
0 0.150735 0.640541 0.073529 0.135135
0 0.154412 0.751351 0.080882 0.140541
0 0.095588 0.537838 0.073529 0.124324
0 0.093750 0.635135 0.077206 0.113514
0 0.099265 0.737838 0.073529 0.124324
0 0.034926 0.621622 0.062500 0.118919
0 0.034926 0.724324 0.062500 0.097297
1 0.479779 0.529730 0.091912 0.302703
1 0.459559 0.827027 0.102941 0.345946
1 0.569853 0.594595 0.132353 0.367568
1 0.562500 0.870270 0.125000 0.259459
1 0.676471 0.875676 0.110294 0.248649
1 0.792279 0.872973 0.121324 0.254054
1 0.909926 0.864865 0.128676 0.270270
1 0.691176 0.605405 0.125000 0.367568
1 0.806985 0.605405 0.128676 0.367568
1 0.933824 0.613514 0.132353 0.372973
