0 0.165455 0.330601 0.047273 0.103825
0 0.210909 0.325137 0.072727 0.092896
0 0.272727 0.322404 0.065455 0.098361
0 0.341818 0.325137 0.072727 0.125683
0 0.330909 0.423497 0.072727 0.092896
0 0.263636 0.420765 0.076364 0.109290
0 0.401818 0.423497 0.047273 0.114754
0 0.436364 0.415301 0.043636 0.087432
0 0.480000 0.423497 0.058182 0.103825
0 0.543636 0.423497 0.040000 0.081967
0 0.545455 0.502732 0.036364 0.076503
0 0.512727 0.505464 0.036364 0.071038
0 0.474545 0.502732 0.054545 0.087432
0 0.412727 0.513661 0.032727 0.087432
0 0.409091 0.587432 0.054545 0.092896
0 0.447273 0.584699 0.043636 0.076503
0 0.476364 0.581967 0.050909 0.081967
0 0.510909 0.579235 0.047273 0.087432
0 0.560000 0.573770 0.058182 0.087432
0 0.576364 0.576503 0.047273 0.081967
0 0.578182 0.502732 0.029091 0.065574
0 0.580000 0.445355 0.040000 0.092896
0 0.614545 0.434426 0.029091 0.081967
