0 0.113333 0.309524 0.100000 0.214286
0 0.210000 0.309524 0.093333 0.202381
0 0.301667 0.306548 0.110000 0.208333
0 0.398333 0.300595 0.083333 0.184524
0 0.478333 0.312500 0.096667 0.160714
0 0.596667 0.306548 0.080000 0.172619
0 0.670000 0.318452 0.080000 0.184524
0 0.031667 0.306548 0.056667 0.184524
0 0.045000 0.514881 0.083333 0.208333
0 0.155000 0.517857 0.130000 0.238095
0 0.261667 0.514881 0.110000 0.232143
0 0.373333 0.508929 0.100000 0.208333
0 0.461667 0.502976 0.096667 0.196429
0 0.558333 0.488095 0.083333 0.178571
0 0.226667 0.747024 0.133333 0.244048
0 0.340000 0.717262 0.113333 0.232143
0 0.451667 0.684524 0.116667 0.226190
0 0.645000 0.604167 0.116667 0.255952
0 0.700000 0.747024 0.146667 0.232143
