0 0.088333 0.461310 0.170000 0.398810
0 0.265000 0.449405 0.176667 0.363095
0 0.408333 0.389881 0.150000 0.315476
0 0.531667 0.392857 0.110000 0.309524
0 0.615000 0.410714 0.163333 0.333333
0 0.753333 0.449405 0.160000 0.386905
0 0.903333 0.488095 0.193333 0.500000
0 0.098333 0.794643 0.190000 0.375000
0 0.268333 0.726190 0.163333 0.357143
0 0.405000 0.669643 0.130000 0.279762
0 0.486667 0.735119 0.166667 0.398810
0 0.621667 0.711310 0.156667 0.327381
0 0.758333 0.791667 0.170000 0.357143
0 0.895000 0.830357 0.210000 0.339286
