0 0.051887 0.125786 0.097484 0.213836
0 0.146226 0.147799 0.110063 0.220126
0 0.235849 0.169811 0.106918 0.226415
0 0.330189 0.188679 0.094340 0.226415
0 0.415094 0.216981 0.094340 0.220126
0 0.493711 0.232704 0.088050 0.213836
0 0.562893 0.261006 0.081761 0.207547
0 0.632075 0.289308 0.075472 0.188679
0 0.705975 0.283019 0.078616 0.176101
0 0.759434 0.295597 0.084906 0.163522
0 0.047170 0.323899 0.088050 0.207547
0 0.135220 0.342767 0.106918 0.207547
0 0.231132 0.367925 0.103774 0.182390
0 0.319182 0.380503 0.091195 0.194969
0 0.408805 0.399371 0.094340 0.182390
0 0.492138 0.408805 0.084906 0.188679
0 0.564465 0.430818 0.078616 0.182390
0 0.636792 0.437107 0.072327 0.182390
0 0.768868 0.449686 0.059748 0.169811
0 0.044025 0.518868 0.081761 0.194969
0 0.132075 0.540881 0.106918 0.188679
0 0.231132 0.553459 0.097484 0.188679
0 0.322327 0.566038 0.097484 0.188679
0 0.408805 0.575472 0.088050 0.182390
0 0.488994 0.578616 0.084906 0.188679
0 0.566038 0.597484 0.088050 0.188679
0 0.040881 0.723270 0.075472 0.188679
0 0.128931 0.738994 0.106918 0.194969
0 0.224843 0.745283 0.097484 0.207547
0 0.317610 0.751572 0.100629 0.194969
0 0.404088 0.751572 0.091195 0.182390
0 0.490566 0.767296 0.081761 0.176101
0 0.562893 0.770440 0.069182 0.169811
0 0.034591 0.908805 0.062893 0.182390
0 0.117925 0.911950 0.103774 0.176101
0 0.220126 0.915094 0.100629 0.169811
0 0.316038 0.911950 0.097484 0.176101
0 0.407233 0.908805 0.084906 0.182390
0 0.490566 0.911950 0.081761 0.176101
0 0.567610 0.915094 0.091195 0.169811
