0 0.341137 0.232143 0.073579 0.142857
0 0.404682 0.229167 0.073579 0.148810
0 0.466555 0.235119 0.070234 0.136905
0 0.526756 0.255952 0.076923 0.130952
0 0.586957 0.255952 0.070234 0.154762
0 0.653846 0.244048 0.070234 0.166667
0 0.702341 0.250000 0.060201 0.154762
0 0.344482 0.354167 0.066890 0.136905
0 0.403010 0.345238 0.063545 0.142857
0 0.466555 0.354167 0.076923 0.148810
0 0.525084 0.348214 0.073579 0.136905
0 0.586957 0.363095 0.070234 0.130952
0 0.642140 0.372024 0.066890 0.160714
0 0.704013 0.375000 0.056856 0.130952
