0 0.048333 0.532738 0.090000 0.208333
0 0.138333 0.529762 0.103333 0.190476
0 0.235000 0.523810 0.096667 0.202381
0 0.323333 0.538690 0.100000 0.208333
0 0.420000 0.532738 0.106667 0.196429
0 0.520000 0.547619 0.106667 0.202381
0 0.616667 0.541667 0.093333 0.202381
0 0.688333 0.547619 0.090000 0.178571
0 0.770000 0.553571 0.093333 0.178571
0 0.855000 0.544643 0.096667 0.196429
0 0.950000 0.547619 0.093333 0.190476
0 0.045000 0.735119 0.083333 0.208333
0 0.131667 0.729167 0.090000 0.196429
0 0.228333 0.723214 0.096667 0.196429
0 0.325000 0.726190 0.103333 0.190476
0 0.423333 0.726190 0.100000 0.202381
0 0.521667 0.717262 0.103333 0.208333
0 0.616667 0.723214 0.093333 0.196429
0 0.690000 0.720238 0.073333 0.190476
0 0.771667 0.720238 0.090000 0.190476
0 0.860000 0.708333 0.093333 0.190476
0 0.950000 0.714286 0.093333 0.190476
0 0.043333 0.916667 0.080000 0.166667
0 0.130000 0.907738 0.100000 0.184524
0 0.231667 0.907738 0.103333 0.184524
0 0.326667 0.907738 0.100000 0.184524
0 0.423333 0.901786 0.100000 0.196429
0 0.523333 0.904762 0.100000 0.190476
0 0.615000 0.910714 0.096667 0.178571
0 0.688333 0.907738 0.083333 0.184524
0 0.775000 0.901786 0.096667 0.196429
0 0.861667 0.901786 0.096667 0.196429
0 0.950000 0.907738 0.100000 0.184524
