0 0.903636 0.270492 0.192727 0.530055
0 0.936364 0.715847 0.127273 0.426230
0 0.809091 0.672131 0.207273 0.382514
0 0.760000 0.289617 0.196364 0.437158
0 0.623636 0.355191 0.156364 0.360656
0 0.672727 0.644809 0.152727 0.306011
0 0.712727 0.882514 0.152727 0.234973
0 0.578182 0.622951 0.123636 0.229508
0 0.612727 0.855191 0.134545 0.278689
0 0.160000 0.893443 0.123636 0.213115
0 0.129091 0.718579 0.120000 0.202186
0 0.101818 0.551913 0.123636 0.207650
0 0.085455 0.390710 0.127273 0.202186
0 0.049091 0.915301 0.090909 0.169399
