0 0.242475 0.440476 0.076923 0.142857
0 0.237458 0.553571 0.073579 0.142857
0 0.239130 0.690476 0.083612 0.142857
0 0.245819 0.827381 0.090301 0.154762
0 0.244147 0.931548 0.086957 0.136905
0 0.585284 0.211310 0.053512 0.113095
0 0.593645 0.339286 0.076923 0.142857
0 0.593645 0.464286 0.070234 0.142857
0 0.596990 0.613095 0.076923 0.154762
0 0.648829 0.205357 0.066890 0.148810
0 0.652174 0.327381 0.060201 0.119048
0 0.655518 0.452381 0.066890 0.130952
0 0.657191 0.568452 0.056856 0.125000
0 0.757525 0.306548 0.103679 0.172619
0 0.765886 0.488095 0.100334 0.190476
0 0.764214 0.663690 0.103679 0.184524
0 0.852843 0.306548 0.113712 0.196429
0 0.861204 0.494048 0.103679 0.178571
0 0.864548 0.675595 0.110368 0.184524
0 0.959866 0.473214 0.080268 0.196429
3 0.484950 0.208333 0.120401 0.404762
3 0.481605 0.610119 0.120401 0.398810
