0 0.145455 0.745902 0.080000 0.114754
0 0.218182 0.732240 0.065455 0.120219
0 0.272727 0.696721 0.058182 0.103825
0 0.321818 0.683060 0.054545 0.098361
0 0.367273 0.661202 0.050909 0.098361
0 0.147273 0.836066 0.076364 0.109290
0 0.218182 0.808743 0.065455 0.098361
0 0.274545 0.781421 0.054545 0.109290
0 0.320000 0.762295 0.058182 0.081967
0 0.372727 0.743169 0.047273 0.087432
0 0.156364 0.918033 0.072727 0.087432
0 0.227273 0.887978 0.069091 0.081967
0 0.278182 0.855191 0.054545 0.092896
0 0.325455 0.827869 0.040000 0.071038
0 0.376364 0.819672 0.054545 0.076503
0 0.714545 0.614754 0.047273 0.103825
0 0.710909 0.734973 0.047273 0.092896
0 0.756364 0.710383 0.043636 0.087432
0 0.756364 0.625683 0.043636 0.092896
3 0.572727 0.491803 0.040000 0.109290
3 0.561818 0.609290 0.040000 0.103825
3 0.645455 0.486339 0.040000 0.098361
