0 0.305556 0.502674 0.603704 0.994652
0 0.666667 0.441176 0.096296 0.165775
0 0.672222 0.542781 0.100000 0.144385
0 0.696296 0.665775 0.111111 0.165775
0 0.709259 0.772727 0.114815 0.144385
0 0.735185 0.909091 0.122222 0.128342
0 0.966667 0.382353 0.066667 0.144385
0 0.962963 0.526738 0.074074 0.155080
0 0.961111 0.655080 0.077778 0.133690
0 0.901852 0.379679 0.062963 0.139037
0 0.907407 0.508021 0.074074 0.139037
0 0.901852 0.631016 0.077778 0.139037
0 0.896296 0.740642 0.074074 0.122995
0 0.840741 0.385027 0.074074 0.117647
0 0.844444 0.491979 0.074074 0.139037
0 0.851852 0.601604 0.081481 0.122995
0 0.798148 0.390374 0.062963 0.128342
