3 0.922857 0.766429 0.148571 0.467143
3 0.776429 0.762857 0.127143 0.474286
3 0.649286 0.742857 0.112857 0.445714
3 0.532857 0.732143 0.111429 0.432857
3 0.435000 0.719286 0.098571 0.398571
3 0.337857 0.707857 0.087143 0.378571
3 0.252143 0.695714 0.081429 0.354286
3 0.175000 0.687143 0.058571 0.342857
3 0.092857 0.687143 0.108571 0.388571
3 0.094286 0.331429 0.071429 0.328571
3 0.173571 0.330714 0.075714 0.355714
3 0.925000 0.275714 0.150000 0.511429
3 0.784286 0.281429 0.125714 0.474286
3 0.656429 0.293571 0.121429 0.447143
3 0.539286 0.303571 0.107143 0.430000
3 0.437143 0.315714 0.094286 0.405714
3 0.348571 0.322143 0.088571 0.392857
3 0.255714 0.325000 0.085714 0.367143
