3 0.115556 0.662222 0.124444 0.373333
3 0.260000 0.664444 0.093333 0.342222
3 0.344444 0.675556 0.102222 0.355556
3 0.431111 0.684444 0.097778 0.373333
3 0.520000 0.697778 0.115556 0.400000
3 0.624444 0.702222 0.120000 0.417778
3 0.740000 0.715556 0.137778 0.444444
3 0.868889 0.737778 0.155556 0.471111
3 0.737778 0.262222 0.133333 0.462222
3 0.875556 0.257778 0.142222 0.497778
3 0.622222 0.280000 0.115556 0.435556
3 0.515556 0.288889 0.106667 0.417778
3 0.417778 0.302222 0.097778 0.391111
3 0.324444 0.317778 0.097778 0.360000
3 0.240000 0.311111 0.080000 0.364444
3 0.171111 0.317778 0.084444 0.351111
3 0.097778 0.315556 0.080000 0.320000
