0 0.224615 0.530055 0.120000 0.245902
0 0.875385 0.730874 0.249231 0.489071
0 0.646923 0.711749 0.216923 0.401639
0 0.343077 0.799180 0.132308 0.286885
0 0.206154 0.808743 0.144615 0.311475
0 0.068462 0.792350 0.133846 0.333333
0 0.502308 0.293716 0.081538 0.188525
0 0.473077 0.400273 0.112308 0.237705
0 0.470769 0.596995 0.126154 0.243169
0 0.482308 0.804645 0.133846 0.243169
0 0.592308 0.265027 0.104615 0.169399
0 0.592308 0.394809 0.120000 0.215847
0 0.712308 0.379781 0.126154 0.234973
0 0.820769 0.363388 0.130769 0.224044
