0 0.433750 0.462312 0.164500 0.287150
0 0.603250 0.466978 0.168500 0.277818
0 0.842500 0.613783 0.315000 0.502513
0 0.234250 0.533740 0.092500 0.145729
0 0.091500 0.528356 0.090000 0.143575
0 0.077250 0.636755 0.081500 0.134961
0 0.121500 0.838837 0.223000 0.322326
0 0.337000 0.844221 0.226000 0.311558
0 0.425000 0.151831 0.092000 0.152907
0 0.503500 0.158291 0.083000 0.135678
0 0.582000 0.156856 0.100000 0.141421
0 0.434000 0.277100 0.098000 0.123475
0 0.512250 0.272075 0.086500 0.136396
0 0.591500 0.273151 0.093000 0.152907
0 0.618250 0.079325 0.072500 0.128500
0 0.503250 0.082915 0.059500 0.114142
0 0.561750 0.075377 0.072500 0.116296
0 0.697250 0.095118 0.062500 0.114142
0 0.695500 0.180905 0.067000 0.101938
0 0.695750 0.264896 0.065500 0.096195
0 0.752000 0.106604 0.053000 0.089734
0 0.752000 0.181981 0.059000 0.091170
0 0.749750 0.262383 0.063500 0.091170
0 0.811000 0.089734 0.062000 0.103374
0 0.808000 0.177315 0.074000 0.109117
0 0.809500 0.263819 0.083000 0.098349
